11101011110011111010010100000110100011011101101110011100011010111110001001101010001001000110001111101111111100000111000110001111101101001011000110101101110011110000
110110110110110110010000110010001101011110100100111111111010100010010001101011110110000101000111110011111100110001011000111110111111110111010010101000111111
1010111001110011000010011000010000001001011011101001111011111111100011111011111111010001101010111010110111101011011100111100001000100
110110110110110110101000100100011000111110111111110000100101000101111110011110100011111011000011001011000000111011110111101010001111111001
1000111111111010010100111111111000111110111111110111010110110101000111000111111011111101000101101101011101100010011000010010010110000001010010
1101101101101101100011111011111111011101011011010111010000001100011111011101000111101000110110001111111000100110001111101111111101011011100101011101000000110001111101110100011110101101010001110110111011
10001111111110100101001111111110001111101111111101110101101100001000111110101101100001000111101000110110011101000100010011010100010010001100000111011100000010
110110110110110110001111101111111100100110111100000001001100101100000000110100011101000100100011110111000000101010001110110111011

111011111111000110101010110111011101110110110000011010111000101011100011101011100110000011101000101011101000110011000101101110111010001001000
110110110110110110111000101001010111111000110110000101111110001111101111111100001010100010111010101010100010111111001001101011111110111011111111000000101100001011111110110011
00000101110011111110000001111110100011011101111111101000110100101100011111011111111000111000000010001110000000101100011011111111111
110110110110110110101000100100011000000011010101010100011010101110100111011011011100111111001100010110001111101101011000010111111101100111001

10100010010001000100110101000001100110001011010000010011010011011000001110111100011111011010110000101111111011001111011101111111100000001101010101010001000100
11011011011011011000111110111111110111010110110101000111000111111011111101000101101101011101100010011011101000110001111101111011110100101111000011001010100111100100111110010100001011111000100
1011010100001011111101110100111011011001001101001111100011000101011111100011111011011101011000010111111101111000111110111111110001110000111001011111111010010110111010001010101010001000100
1101101101101101101010001001000110100011100000111100011111001111010001101010000011001100011110101101010000101111

01010010111110001001100011111010001011100101001011111000100110001111101000101110101000100100011000111110110111010110000101111111011110101000100100011000111110110111010110000101111111011
1101101101101101100011111011111111010111000101011100011101011100110100011111001010010001111110111010011110010001111000000010011010110101110111110111000000101010101101011101
1110111111110111001111010011001111001100011110010001111101001000100010011010100010010001101110100011000111110111100110001100001101110111111101001000
110110110110110110111011111111011101001111001000111101011111010111001000000010000111110110110001010111111010001110101011010111011001

10100010010001101110111010000000111100011111011010110000110000011100101001100010110001111101111111101110101101101010001110001111110111111010001011011010111011000101
1101101101101101101011001010001011111100011010111000010010010110101001110001000001000100110000100100101101000111111101000010011000001110111101000110101010010
0101110010011011110101000111110101101010110000000011001000101001001011010110101011100111000101010111101111010110101011100111001010010010
110110110110110110111011111111010110111011010101110011111001111010001100110001011011101101100000110111010110101010100101001

0011111010010100000110100011011101101110011100011010111110001001101010001001000110001111101111111100000111000110001111101101001011000110101101110011110000
110110110110110110010000110010001101011110100100111111111010100010010001101011110110000101000111110011111100110001011000111110111111110111010010101000111111
1010111001110011000010011000010000001001011011101001111011111111100011111011111111010001101010111010110111101011011100111100001000100
110110110110110110101000100100011000111110111111110000100101000101111110011110100011111011000011001011000000111011110111101010001111111001
